0
5 4
7 8 4 4 2 2
0 1
0 0 0 0 1 2 1 2 
0 2 2 0 0 2 1 0 
0 2 0 0 0 1 0 0 
0 0 0 2 2 2 2 0 
2 2 0 0 2 0 0 0 
0 1 2 0 0 2 0 0 
0 0 1 2 2 2 0 0 
5 5 5 5 5 6 6 6 
5 5 5 5 5 6 6 6 
6 6 6 5 5 6 6 6 
6 6 6 6 6 4 4 6 
6 6 6 6 4 4 4 4 
6 6 6 4 4 4 4 4 
6 6 6 6 4 4 4 4 
0
0
1 6 0
0
0
0
0
0
0
0
0
1 6 0
0
0
0
0
0
0
0
0
0
0
0
0
0
0
0
0
0
0
0
0
0
0
0
0
0
0
1 6 0
0
0
0
0
0
1 6 0
0
0
0
0
0
0
0
0
0
0
0
0
0
0
0
0
0
0
0
0
0
0
0
0
0
0
0
0
0
0
0
0
0
0
0
0
0
0
0
0
0
0
0
0
0
0
0
0
0
0
0
0
0
0
0
0
0
0
0
0
0
0
0
0
0
0
0
0 0 0 0 0 0 0 0 
0 0 0 0 0 0 0 0 
0 0 0 0 0 0 0 0 
0 0 0 0 0 0 0 0 
0 0 0 0 0 0 0 0 
0 0 0 0 0 0 0 0 
0 0 0 0 0 0 0 0 
0 0
6 7
